0,	-0.694648
5,	-0.689645
10,	-0.684503
15,	-0.681459
20,	-0.673199
25,	-0.667845
25,	-0.664079
29.6875,	-0.658096
34.375,	-0.647458
39.0625,	-0.636098
43.75,	-0.623125
48.4375,	-0.610222
53.125,	-0.597421
57.8125,	-0.585841
62.5,	-0.580429
62.5,	-0.56864
67.3077,	-0.56195
72.1154,	-0.546614
76.9231,	-0.527736
81.7308,	-0.506028
86.5385,	-0.482191
91.3462,	-0.457053
96.1538,	-0.431492
100.962,	-0.406425
105.769,	-0.382808
110.577,	-0.361598
115.385,	-0.343764
120.192,	-0.330242
125,	-0.32468
125,	-0.316805
130,	-0.313524
135.171,	-0.306599
140.518,	-0.298961
146.049,	-0.290622
151.768,	-0.281606
157.683,	-0.271952
163.8,	-0.261711
170.126,	-0.250947
176.668,	-0.239735
183.434,	-0.22816
190.431,	-0.216316
197.668,	-0.204312
205.151,	-0.192268
212.89,	-0.180321
220.894,	-0.168629
229.172,	-0.157379
237.732,	-0.146795
246.585,	-0.137153
255.74,	-0.1288
265.208,	-0.122172
275,	-0.11935
275,	-0.115333
285,	-0.113663
295.417,	-0.110237
306.27,	-0.106648
317.575,	-0.102923
329.352,	-0.099087
341.621,	-0.0951668
354.401,	-0.0911883
367.716,	-0.0871771
381.586,	-0.0831573
396.035,	-0.0791517
411.087,	-0.0751812
426.767,	-0.0712649
443.102,	-0.0674198
460.119,	-0.0636609
477.846,	-0.0600013
496.313,	-0.056452
515.551,	-0.053022
535.591,	-0.0497186
556.469,	-0.0465475
578.218,	-0.0435128
600.874,	-0.040617
624.476,	-0.0378614
649.064,	-0.0352463
674.678,	-0.0327709
701.361,	-0.0304333
729.157,	-0.028231
758.114,	-0.026161
788.28,	-0.0242194
819.705,	-0.022402
852.441,	-0.0207044
886.544,	-0.0191218
922.07,	-0.0176491
959.08,	-0.0162813
997.634,	-0.0150131
1037.8,	-0.0138394
1079.64,	-0.012755
1123.22,	-0.0117549
1168.63,	-0.0108341
1215.93,	-0.00998776
1265.2,	-0.00921131
1316.54,	-0.00850029
1370.01,	-0.00785041
1425.72,	-0.00725763
1483.75,	-0.0067181
1544.2,	-0.00622815
1607.18,	-0.00578431
1672.79,	-0.00538326
1741.13,	-0.00502178
1812.33,	-0.00469674
1886.5,	-0.00440495
1963.77,	-0.00414308
2044.26,	-0.00390744
2128.11,	-0.0036937
2215.46,	-0.0034964
2306.45,	-0.00330825
2401.25,	-0.00311891
2500,	-0.00302242
